[0.397875 0.08475  0.083    0.077125 0.072375 0.063    0.056375 0.040625
 0.124875] 0.01 0
[0.383    0.0825   0.08325  0.07775  0.072125 0.062125 0.0555   0.045625
 0.138125] 0.01 2
[0.3535   0.0875   0.087    0.087875 0.072875 0.066125 0.058    0.04725
 0.139875] 0.01 4
[0.320625 0.081375 0.086125 0.08225  0.081875 0.067125 0.061375 0.055375
 0.163875] 0.01 8
[0.258    0.082    0.087375 0.08225  0.077125 0.072875 0.07325  0.062
 0.205125] 0.01 16
[0.3835   0.084625 0.084125 0.075125 0.074375 0.065375 0.0565   0.044
 0.132375] 0.05 0
[0.37175  0.085375 0.079375 0.075875 0.073625 0.063    0.0545   0.05125
 0.14525 ] 0.05 2
[0.3495   0.085625 0.085    0.082375 0.077125 0.066375 0.053375 0.0465
 0.154125] 0.05 4
[0.305875 0.08725  0.08625  0.091    0.0765   0.068875 0.06075  0.053
 0.1705  ] 0.05 8
[0.257375 0.082125 0.07975  0.0845   0.0795   0.070125 0.070125 0.060125
 0.216375] 0.05 16
[0.33075  0.078625 0.082125 0.076375 0.077125 0.067    0.059375 0.051625
 0.177   ] 0.2 0
[0.31925 0.08125 0.077   0.08025 0.073   0.0665  0.0625  0.0535  0.18675] 0.2 2
[0.293875 0.077875 0.08275  0.082125 0.0795   0.072375 0.06225  0.05475
 0.1945  ] 0.2 4
[0.258125 0.078625 0.0835   0.0805   0.078    0.0735   0.0645   0.063625
 0.219625] 0.2 8
[0.204375 0.081625 0.079    0.080375 0.074875 0.07425  0.073    0.06575
 0.26675 ] 0.2 16
[0.2565   0.068625 0.076875 0.077    0.0715   0.070125 0.068    0.06225
 0.249125] 0.4 0
[0.226625 0.073    0.07625  0.079125 0.07475  0.076625 0.0735   0.058875
 0.26125 ] 0.4 2
[0.227    0.068625 0.073375 0.08025  0.076625 0.073875 0.070375 0.0635
 0.266375] 0.4 4
[0.19175  0.07275  0.0715   0.07975  0.076    0.080375 0.072    0.071125
 0.28475 ] 0.4 8
[0.146125 0.058125 0.069625 0.07625  0.074625 0.080125 0.0735   0.071375
 0.35025 ] 0.4 16
