[0.3903 0.0813 0.0853 0.0767 0.0713 0.0659 0.0532 0.0404 0.1356] 0.01 0
[0.3718 0.0896 0.0884 0.0786 0.0737 0.0663 0.0535 0.0443 0.1338] 0.01 2
[0.3502 0.0873 0.0851 0.0804 0.0741 0.0649 0.0544 0.0499 0.1537] 0.01 4
[0.3205 0.0887 0.0826 0.0812 0.0766 0.0692 0.0592 0.0514 0.1706] 0.01 8
[0.2561 0.0802 0.0814 0.0899 0.0823 0.0747 0.0683 0.0616 0.2055] 0.01 16
[0.3721 0.0778 0.0842 0.0792 0.0792 0.069  0.0523 0.0456 0.1406] 0.05 0
[0.3461 0.0864 0.08   0.081  0.0771 0.0644 0.062  0.0503 0.1527] 0.05 2
[0.3451 0.0856 0.0844 0.0829 0.0759 0.069  0.055  0.0493 0.1528] 0.05 4
[0.3165 0.0816 0.0862 0.0806 0.0778 0.068  0.0618 0.0583 0.1692] 0.05 8
[0.2425 0.0773 0.0848 0.0867 0.0797 0.0759 0.0731 0.0581 0.2219] 0.05 16
[0.3194 0.0815 0.0792 0.0807 0.0773 0.0688 0.0602 0.0574 0.1755] 0.2 0
[0.3021 0.0841 0.0852 0.0796 0.0767 0.0698 0.0647 0.0537 0.1841] 0.2 2
[0.2908 0.0777 0.0796 0.0811 0.0797 0.0718 0.066  0.0581 0.1952] 0.2 4
[0.2615 0.0771 0.0812 0.0839 0.0786 0.0716 0.0653 0.0583 0.2225] 0.2 8
[0.2005 0.0763 0.0764 0.0783 0.08   0.0793 0.0691 0.0661 0.274 ] 0.2 16
[0.2434 0.0747 0.0765 0.0756 0.0752 0.0742 0.0691 0.0667 0.2446] 0.4 0
[0.2261 0.0702 0.0809 0.0731 0.0767 0.077  0.0694 0.0684 0.2582] 0.4 2
[0.2151 0.0674 0.0771 0.0794 0.0784 0.0769 0.0695 0.0687 0.2675] 0.4 4
[0.1838 0.0614 0.071  0.0791 0.0718 0.0769 0.0727 0.0702 0.3131] 0.4 8
[0.1368 0.0656 0.0673 0.0759 0.0789 0.0776 0.078  0.0707 0.3492] 0.4 16
