abc
2099    0.82
2860    0.82
1849    0.82
4538    0.82
4481    0.82
4221    0.82
1022    0.82
68      0.82
4598    0.82
994     0.82
826     0.82
4507    0.82
3675    0.82
2459    0.82
2927    0.82
3945    0.82
2583    0.82
690     0.82
3161    0.82
4426    0.82
3234    0.82
4817    0.82
4719    0.83
704     0.83
347     0.83
1009    0.83
1921    0.83
3422    0.83
2141    0.83
1156    0.83
3850    0.82
2830    0.82
2277    0.82
1313    0.81
2714    0.81
2914    0.81
887     0.81
2265    0.81
358     0.81
2584    0.81
3721    0.81
2595    0.81
2128    0.81
3462    0.81
4730    0.81
3428    0.82
18      0.82
3899    0.82
4164    0.82
833     0.82
2562    0.81
2980    0.81
3696    0.81
1751    0.81
510     0.82
3179    0.83
2201    0.82
2160    0.81
1290    0.80
69      0.80
2023    0.83
3361    0.83
957     0.82
4546    0.83
2817    0.83
3242    0.83
2790    0.83
1327    0.83
4169    0.83
4040    0.83
513     0.83
4573    0.83
3700    0.83
248     0.83
1600    0.83
2162    0.83
3150    0.83
4561    0.83
2401    0.82
558     0.82
3201    0.82
4326    0.82
1229    0.82
322     0.82
2570    0.82
4666    0.82
2372    0.82
4702    0.82
2920    0.82
43      0.82
3771    0.82
4225    0.82
4789    0.82
1091    0.81
766     0.81
3973    0.83
4411    0.83
4587    0.82
1185    0.82
1784    0.82
3551    0.81
4039    0.81
4194    0.81
4715    0.81
2793    0.81
2114    0.81
3504    0.81
3520    0.81
3362    0.81
2846    0.81
1433    0.81
113     0.81
2538    0.81
521     0.81
2179    0.81
3725    0.81
3352    0.81
2581    0.81
4533    0.81
4372    0.81
2271    0.81
4562    0.81
2196    0.81
3146    0.81
828     0.81
300     0.81
4748    0.83
779     0.83
2511    0.83
3694    0.83
4473    0.83
4023    0.83
4396    0.83
2224    0.83
4004    0.83
575     0.83
249     0.83
301     0.83
3684    0.83
4527    0.83
904     0.83
71      0.83
3648    0.83
4332    0.83
1936    0.83
1120    0.83
1518    0.83
4607    0.83
3091    0.83
2437    0.83
2378    0.83
3121    0.83
2926    0.83
3646    0.83
448     0.83
2302    0.83
1214    0.83
2761    0.83
1464    0.83
956     0.83
1125    0.83
1787    0.83
3291    0.83
4735    0.83
1466    0.83
3310    0.83
3761    0.83
2550    0.83
2334    0.83
741     0.83
1059    0.83
4516    0.83
2093    0.83
395     0.83
771     0.83
1834    0.83
1503    0.83
1397    0.83
2590    0.83
986     0.83
3077    0.83
4041    0.83
4042    0.83
3844    0.83
554     0.83
2438    0.83
3679    0.83
2084    0.83
1510    0.83
2227    0.83
2976    0.83
3251    0.83
3535    0.83
4757    0.83
1860    0.83
2773    0.83
4171    0.83
1192    0.83
1477    0.83
2731    0.83
1963    0.83
3992    0.83
880     0.83
2726    0.83
2351    0.83
2354    0.83
4030    0.83
2159    0.83
2887    0.83
2174    0.83
639     0.83
4078    0.83
3569    0.83
750     0.83
4650    0.83
1847    0.83
492     0.83
2838    0.83
426     0.83
2788    0.83
2404    0.83
2612    0.83
3571    0.83
1623    0.83
764     0.83
1444    0.83
1762    0.83
440     0.83
1031    0.83
2187    0.83
2031    0.83
2995    0.82
55      0.82
4485    0.82
2710    0.82
2993    0.82
666     0.82
1772    0.82
3702    0.83
2066    0.83
4382    0.83
945     0.83
2738    0.83
757     0.83
1396    0.83
3726    0.83
1219    0.83
2322    0.83
3712    0.83
3192    0.83
3908    0.83
2991    0.83
3722    0.83
34      0.83
1231    0.83
2282    0.83
1225    0.83
540     0.83
3128    0.83
2395    0.83
289     0.83
2067    0.83
1533    0.83
2119    0.83
4657    0.83
598     0.83
124     0.83
4182    0.83
1002    0.83
4778    0.83
2956    0.83
3816    0.83
2989    0.83
2488    0.83
1085    0.83
3136    0.83
2094    0.83
928     0.83
4102    0.83
3443    0.83
56      0.83
1737    0.83
514     0.83
1258    0.83
3624    0.83
677     0.83
3442    0.83
3483    0.83
2798    0.83
3196    0.83
3278    0.83
3149    0.83
1239    0.83
4335    0.83
4159    0.83
3433    0.83
3522    0.83
107     0.83
3272    0.83
2593    0.83
108     0.83
1352    0.83
496     0.83
3395    0.83
3778    0.83
1335    0.83
3746    0.83
665     0.83
1944    0.83
3671    0.83
3254    0.83
3755    0.83
1257    0.83
2785    0.83
1576    0.83
4117    0.83
195     0.83
3105    0.83
2801    0.83
2207    0.83
4140    0.83
3357    0.83
1385    0.83
3034    0.83
524     0.83
3885    0.83
3159    0.83
4170    0.83
3171    0.83
1858    0.83
2027    0.83
2331    0.83
4420    0.83
2573    0.83
1572    0.83
120     0.83
3576    0.83
4616    0.83
963     0.83
4536    0.83
2236    0.83
724     0.83
1459    0.83
1763    0.83
4761    0.83
2138    0.83
38      0.83
1259    0.83
3595    0.83
493     0.83
2479    0.83
1819    0.83
2585    0.83
2975    0.83
4497    0.83
3198    0.83
3873    0.83
4760    0.83
5       0.83
3801    0.83
1987    0.83
466     0.83
4208    0.83
1095    0.83
1429    0.83
2172    0.83
2916    0.83
450     0.83
403     0.83
349     0.83
3516    0.83
758     0.83
1361    0.83
213     0.83
2221    0.83
232     0.83
3717    0.83
1497    0.83
2614    0.83
4129    0.83
229     0.83
4204    0.83
3697    0.83
1643    0.83
3326    0.83
4183    0.83
4348    0.83
747     0.83
2745    0.83
194     0.83
2024    0.83
385     0.83
998     0.83
2361    0.83
238     0.83
3539    0.83
518     0.83
3638    0.83
2977    0.83
578     0.83
4810    0.83
2918    0.83
4427    0.83
2633    0.83
2199    0.83
3871    0.83
343     0.83
1068    0.83
2905    0.83
2366    0.83
3658    0.83
1142    0.83
3148    0.83
1027    0.83
3882    0.83
3852    0.83
2157    0.83
4263    0.83
1618    0.83
4264    0.83
3164    0.83
4125    0.83
4353    0.83
4479    0.83
6       0.83
3467    0.83
1492    0.83
3187    0.83
3872    0.83
1137    0.83
746     0.83
2932    0.83
2931    0.83
4388    0.83
2482    0.83
373     0.83
2471    0.83
2043    0.83
3175    0.83
844     0.83
649     0.82
3100    0.82
3358    0.82
1693    0.83
1967    0.82
1069    0.82
1465    0.82
940     0.82
1986    0.82
2413    0.82
3879    0.82
4658    0.82
668     0.82
697     0.82
4765    0.82
1975    0.82
4506    0.82
3519    0.82
4508    0.82
1599    0.82
1560    0.82
1252    0.83
279     0.83
3275    0.83
1328    0.83
4781    0.83
1428    0.83
2480    0.83
460     0.83
3237    0.83
4044    0.83
2840    0.83
227     0.83
4152    0.83
2462    0.83
522     0.83
4647    0.83
2831    0.82
3946    0.82
3183    0.82
917     0.82
611     0.82
1050    0.82
2629    0.82
2636    0.82
3490    0.82
2768    0.82
2598    0.82
4010    0.82
2291    0.82
4246    0.82
4713    0.82
2053    0.82
686     0.82
646     0.82
4088    0.82
161     0.82
1948    0.82
2951    0.82
870     0.82
1971    0.82
1680    0.82
3585    0.82
2164    0.82
2889    0.82
2812    0.82
3368    0.82
1080    0.82
3723    0.82
1035    0.82
3412    0.82
3878    0.82
615     0.83
916     0.82
1567    0.82
2514    0.82
1010    0.82
770     0.82
1144    0.82
199     0.82
3526    0.83
4402    0.83
4235    0.83
2796    0.83
387     0.83
4700    0.83
2008    0.83
4644    0.83
3609    0.83
40      0.83
4534    0.83
2317    0.83
763     0.83
3919    0.83
538     0.83
3402    0.83
4537    0.83
3083    0.83
2352    0.83
2308    0.82
2154    0.82
1399    0.82
2280    0.82
2257    0.82
3479    0.82
4517    0.82
3955    0.82
2873    0.82
4319    0.82
220     0.82
3673    0.82
268     0.82
1123    0.82
3123    0.82
114     0.82
2797    0.82
2268    0.82
2075    0.82
3231    0.82
1525    0.82
1301    0.82
4238    0.82
2994    0.82
1844    0.82
1319    0.82
2068    0.82
581     0.82
717     0.82
278     0.82
2191    0.82
3792    0.82
3820    0.82
368     0.82
604     0.82
1635    0.82
439     0.82
4436    0.82
915     0.82
4423    0.82
570     0.82
273     0.82
1788    0.82
4290    0.82
3720    0.82
3190    0.82
2642    0.82
4740    0.82
1168    0.82
3319    0.82
4522    0.82
2242    0.82
464     0.82
4581    0.82
2624    0.82
3812    0.82
3293    0.82
2984    0.82
2218    0.82
4049    0.82
2674    0.82
4308    0.82
2276    0.82
151     0.82
3027    0.82
3125    0.82
4029    0.82
1326    0.82
4629    0.82
3448    0.82
562     0.82
39      0.82
1425    0.82
1303    0.82
730     0.82
2787    0.82
1863    0.82
164     0.82
1731    0.82
2371    0.82
2233    0.82
1053    0.82
2962    0.82
2568    0.82
4690    0.82
997     0.82
1666    0.82
2260    0.82
309     0.82
919     0.82
4006    0.82
4746    0.82
2874    0.82
4089    0.82
2792    0.82
4177    0.82
3051    0.82
1062    0.82
609     0.82
3575    0.82
2741    0.82
3940    0.82
2747    0.82
3857    0.82
3786    0.82
350     0.81
84      0.81
4134    0.81
3068    0.81
2609    0.81
2237    0.81
2516    0.81
2278    0.82
4307    0.82
75      0.82
2733    0.82
1004    0.82
2335    0.82
239     0.82
2652    0.82
2572    0.82
1431    0.83
2083    0.83
4463    0.83
2543    0.83
2220    0.83
2656    0.83
1154    0.83
3967    0.83
1985    0.84
636     0.84
2377    0.84
3705    0.84
3386    0.84
4758    0.84
582     0.84
3737    0.84
2241    0.84
1524    0.84
3420    0.84
4160    0.84
302     0.84
1707    0.84
50      0.84
882     0.84
3970    0.84
3757    0.84
2864    0.84
2883    0.84
2461    0.84
2136    0.84
3577    0.84
3498    0.84
2016    0.84
1206    0.84
4683    0.84
4298    0.85
3789    0.85
3981    0.85
2290    0.85
3188    0.85
3178    0.85
4469    0.85
4611    0.85
2531    0.85
4505    0.85
1227    0.85
25      0.85
3103    0.85
593     0.85
3711    0.85
499     0.85
3049    0.85
4791    0.85
3583    0.85
2722    0.85
3377    0.85
2545    0.85
3944    0.85
152     0.85
1131    0.85
4448    0.85
3695    0.85
843     0.85
819     0.85
1955    0.85
718     0.85
4293    0.85
2769    0.85
2195    0.85
3025    0.86
4731    0.86
2669    0.86
98      0.86
2621    0.86
410     0.86
959     0.86
4057    0.86
168     0.86
3608    0.86
2171    0.86
1931    0.86
3875    0.86
663     0.86
4185    0.86
3523    0.86
3061    0.86
134     0.86
167     0.86
1798    0.86
4036    0.86
2827    0.86
4234    0.86
3698    0.86
1217    0.86
2118    0.86
1937    0.86
2414    0.86
3471    0.86
2508    0.86
1549    0.86
3156    0.86
4053    0.86
3070    0.86
2634    0.86
1089    0.86
3029    0.86
1640    0.86
3460    0.86
1366    0.86
1515    0.86
4064    0.86
1840    0.86
1263    0.86
3990    0.86
4401    0.86
908     0.86
1127    0.86
3339    0.86
2924    0.86
354     0.86
2197    0.86
3759    0.86
2599    0.86
328     0.86
1205    0.86
174     0.86
3838    0.86
1121    0.86
3204    0.86
4492    0.86
2048    0.86
3271    0.86
74      0.86
1376    0.86
4386    0.86
236     0.86
4779    0.86
192     0.86
3418    0.87
3756    0.87
489     0.87
4567    0.87
1441    0.87
2774    0.87
2949    0.87
1812    0.87
1678    0.87
3067    0.87
696     0.87
3869    0.87
1077    0.87
1469    0.87
4806    0.87
1715    0.87
4334    0.87
2890    0.87
487     0.87
2484    0.87
2533    0.87
3749    0.87
2316    0.87
3502    0.87
1742    0.87
2478    0.87
1782    0.87
1155    0.87
4265    0.87
2070    0.87
953     0.87
2535    0.87
462     0.87
3225    0.87
1550    0.87
1479    0.87
4612    0.87
984     0.87
4266    0.87
691     0.87
2549    0.87
140     0.87
2115    0.87
731     0.87
3474    0.87
2845    0.87
123     0.87
572     0.87
1750    0.87
4254    0.87
330     0.87
3417    0.87
596     0.87
3461    0.87
80      0.87
888     0.87
3601    0.87
4116    0.86
4794    0.86
2635    0.86
1699    0.86
648     0.86
376     0.86
1392    0.86
2554    0.86
3831    0.86
2513    0.86
3224    0.86
4094    0.87
3521    0.87
3173    0.87
4609    0.87
2942    0.86
4450    0.86
1345    0.86
2966    0.86
1529    0.87
4150    0.87
1862    0.87
1148    0.87
76      0.87
1160    0.87
2946    0.87
800     0.87
4627    0.87
574     0.87
2249    0.87
3983    0.86
172     0.86
1325    0.86
519     0.86
3407    0.86
3454    0.86
1101    0.86
2292    0.86
2728    0.86
2148    0.86
2130    0.86
3635    0.86
2113    0.86
3312    0.86
1607    0.86
2857    0.86
776     0.86
901     0.86
3507    0.86
2700    0.86
2705    0.86
631     0.86
2596    0.86
4031    0.86
3668    0.86
3531    0.86
1412    0.86
2447    0.86
4146    0.86
1581    0.86
154     0.86
144     0.86
629     0.86
2211    0.86
2288    0.86
4156    0.86
1048    0.86
1873    0.86
111     0.86
2090    0.86
3057    0.86
2266    0.86
752     0.86
702     0.86
856     0.86
4268    0.86
2054    0.86
4277    0.86
2988    0.86
2389    0.86
4063    0.86
795     0.87
1331    0.87
991     0.87
486     0.87
4495    0.87
564     0.87
3351    0.87
4511    0.87
1808    0.87
1769    0.87
357     0.86
1813    0.87
4174    0.87
2132    0.87
1710    0.87
2969    0.87
996     0.87
1391    0.87
2661    0.87
2230    0.87
4500    0.87
2724    0.87
3311    0.87
1043    0.87
873     0.88
714     0.88
1998    0.88
3745    0.88
197     0.87
2428    0.87
153     0.87
4428    0.87
3153    0.87
1620    0.87
827     0.87
1848    0.87
2737    0.87
4777    0.87
2376    0.87
1297    0.87
3628    0.87
285     0.87
3046    0.87
2675    0.87
579     0.87
4461    0.87
3848    0.87
1398    0.87
117     0.87
1514    0.87
3832    0.87
1802    0.87
404     0.87
2111    0.87
61      0.87
1456    0.87
4209    0.87
4288    0.87
1158    0.87
2434    0.87
372     0.87
3208    0.87
698     0.87
2844    0.87
73      0.87
4742    0.87
978     0.87
2010    0.87
3325    0.87
3889    0.87
3650    0.87
2202    0.87
4406    0.87
4024    0.87
4106    0.87
4805    0.87
381     0.87
4296    0.87
2736    0.87
1790    0.87
2357    0.87
1177    0.87
1502    0.87
3011    0.87
1717    0.87
3093    0.87
4376    0.87
3631    0.87
19      0.87
4637    0.86
1667    0.86
847     0.86
1579    0.86
4001    0.86
1523    0.86
2578    0.86
4555    0.86
1969    0.86
3002    0.85
211     0.85
3199    0.85
4300    0.85
3200    0.85
1118    0.85
1171    0.85
3846    0.85
949     0.85
186     0.85
4714    0.85
755     0.85
1204    0.85
2929    0.85
3246    0.85
1794    0.85
4699    0.85
1519    0.85
3739    0.85
4087    0.85
1732    0.85
1008    0.85
390     0.85
1149    0.85
2734    0.85
1555    0.86
4008    0.86
4770    0.86
567     0.86
1147    0.86
1687    0.86
1565    0.86
1868    0.86
1978    0.86
252     0.85
1736    0.85
1042    0.85
3794    0.85
275     0.86
1298    0.86
4244    0.86
136     0.86
512     0.86
2433    0.86
3398    0.86
4669    0.86
3827    0.86
4380    0.86
1876    0.86
4790    0.86
547     0.86
1323    0.86
2764    0.86
1875    0.86
4651    0.86
851     0.86
4488    0.86
1674    0.86
3264    0.86
1867    0.86
4283    0.86
2811    0.86
13      0.86
2805    0.86
2886    0.86
1675    0.86
3765    0.86
4679    0.86
1432    0.86
112     0.86
3288    0.86
3887    0.86
1011    0.86
1773    0.86
3616    0.86
261     0.86
222     0.86
4816    0.86
906     0.86
1547    0.86
4775    0.86
2223    0.86
1370    0.86
4499    0.86
2244    0.86
1888    0.86
2321    0.86
2258    0.86
660     0.86
3350    0.86
4726    0.86
1677    0.86
3481    0.86
397     0.86
4772    0.85
2858    0.85
3514    0.85
3991    0.85
414     0.86
1333    0.86
3477    0.86
3309    0.86
1280    0.86
2906    0.86
911     0.86
4660    0.86
2379    0.86
2958    0.86
2036    0.86
1578    0.86
2594    0.86
1926    0.86
656     0.86
1726    0.86
2012    0.86
1322    0.86
1486    0.86
969     0.86
1285    0.86
3999    0.86
2262    0.86
312     0.86
4583    0.86
221     0.86
2628    0.86
4430    0.86
4084    0.86
3036    0.86
1184    0.86
3370    0.86
745     0.84
392     0.84
1403    0.84
3599    0.84
1253    0.84
3409    0.84
3215    0.85
3795    0.85
4419    0.85
198     0.85
1188    0.85
2687    0.85
3494    0.85
1491    0.85
3301    0.85
4698    0.85
1507    0.85
733     0.85
3095    0.85
4126    0.85
2610    0.85
1103    0.85
1072    0.85
1764    0.85
3316    0.85
3855    0.85
4552    0.85
4661    0.85
2744    0.85
4133    0.84
1265    0.84
2957    0.84
948     0.84
2708    0.84
4613    0.84
2851    0.84
3923    0.84
1958    0.84
4528    0.84
3918    0.84
1702    0.84
893     0.84
185     0.84
1569    0.84
2261    0.84
1451    0.84
2407    0.84
3980    0.84
3232    0.84
3489    0.84
1663    0.84
1900    0.84
3446    0.84
2025    0.84
3893    0.84
237     0.84
3466    0.84
4097    0.84
3660    0.84
798     0.84
2799    0.84
1730    0.84
2604    0.84
1995    0.84
2854    0.84
1276    0.84
429     0.84
65      0.84
1544    0.84
4344    0.84
1019    0.84
1076    0.84
3692    0.84
2072    0.84
2815    0.84
2547    0.84
2149    0.84
1232    0.84
431     0.84
3434    0.84
4601    0.85
810     0.85
2877    0.85
4190    0.85
3295    0.85
4043    0.85
680     0.85
3554    0.85
2688    0.85
4034    0.85
4722    0.85
180     0.85
1104    0.85
3227    0.85
2345    0.85
471     0.85
4752    0.85
3031    0.85
4115    0.85
3740    0.85
885     0.85
1406    0.85
808     0.85
4487    0.85
3533    0.85
1880    0.85
2032    0.85
1665    0.85
417     0.85
4707    0.85
2183    0.85
3286    0.85
182     0.85
4325    0.85
4201    0.85
1682    0.85
576     0.85
664     0.85
3132    0.85
1874    0.85
3754    0.85
2912    0.85
303     0.85
3026    0.85
3898    0.85
408     0.85
3074    0.85
1266    0.85
4151    0.85
4072    0.85
3630    0.85
1774    0.85
105     0.85
2504    0.85
4021    0.85
1685    0.85
4667    0.85
2184    0.85
891     0.85
2766    0.85
2387    0.85
3114    0.85
3010    0.85
4691    0.85
3649    0.85
4387    0.85
1658    0.85
958     0.85
4231    0.85
3006    0.85
3704    0.85
2954    0.85
3177    0.85
2967    0.85
2576    0.85
2794    0.85
3563    0.85
3012    0.85
3840    0.85
3510    0.85
3806    0.85
1587    0.85
4259    0.85
1024    0.85
3534    0.85
667     0.85
3396    0.85
1044    0.85
1489    0.85
1962    0.85
874     0.85
1223    0.85
4000    0.85
1879    0.85
4193    0.85
1407    0.85
987     0.85
3382    0.85
2252    0.85
592     0.85
3913    0.85
3266    0.85
2510    0.85
1329    0.85
4732    0.85
247     0.85
1021    0.85
687     0.85
2406    0.85
147     0.85
2772    0.85
280     0.85
4294    0.85
3400    0.85
1485    0.85
2046    0.85
4197    0.85
4776    0.85
889     0.85
2240    0.85
3488    0.85
1917    0.85
2279    0.85
218     0.85
1235    0.85
1443    0.85
427     0.85
4659    0.85
2158    0.85
2509    0.85
2386    0.85
3503    0.85
1099    0.85
1070    0.85
3527    0.85
3858    0.85
4512    0.85
1778    0.85
4704    0.85
4022    0.85
4440    0.85
2704    0.85
2597    0.85
2922    0.85
451     0.85
1467    0.85
2940    0.85
4073    0.85
523     0.85
4357    0.85
3884    0.85
4311    0.85
1714    0.85
1740    0.85
1106    0.85
1387    0.85
3340    0.85
2045    0.85
361     0.85
4665    0.85
1703    0.85
4594    0.85
3018    0.85
2758    0.85
3962    0.85
1117    0.85
363     0.85
4681    0.85
3239    0.85
2639    0.85
3393    0.85
3972    0.85
4198    0.85
3968    0.85
2881    0.85
606     0.85
4303    0.85
215     0.85
4236    0.85
3297    0.85
1411    0.85
4047    0.85
169     0.85
4589    0.85
2294    0.85
3655    0.85
1224    0.85
250     0.85
3165    0.85
2540    0.85
1927    0.85
2771    0.85
965     0.85
749     0.85
4747    0.85
2209    0.85
1183    0.85
1993    0.85
4292    0.85
2999    0.85
2050    0.85
3134    0.85
3424    0.85
1878    0.85
2574    0.85
2232    0.85
3985    0.85
2627    0.85
2398    0.85
352     0.85
4802    0.85
2553    0.85
1613    0.85
4608    0.85
3573    0.85
2117    0.85
416     0.85
4033    0.85
3186    0.85
3216    0.85
605     0.85
2587    0.85
1869    0.85
2760    0.85
4796    0.85
670     0.85
2410    0.85
4369    0.85
4217    0.85
2814    0.85
1293    0.85
4356    0.85
869     0.85
2078    0.85
2390    0.85
1728    0.85
4721    0.85
839     0.85
1037    0.85
2200    0.85
2454    0.85
2440    0.85
445     0.85
835     0.85
4442    0.85
878     0.85
3686    0.85
290     0.85
4055    0.85
1634    0.85
1903    0.85
1316    0.85
2638    0.85
4104    0.85
1199    0.85
3611    0.85
82      0.85
3399    0.85
4328    0.85
2124    0.85
4678    0.85
561     0.85
3230    0.85
3641    0.85
1312    0.85
3468    0.85
3883    0.85
4471    0.85
118     0.85
743     0.85
3978    0.85
876     0.85
3910    0.85
3572    0.85
66      0.85
2534    0.85
1415    0.85
3559    0.85
0       0.85
3084    0.85
2076    0.85
3059    0.85
1330    0.85
4037    0.85
1073    0.85
4592    0.85
4634    0.85
2767    0.85
1783    0.85
1641    0.85
2806    0.85
277     0.85
270     0.85
3763    0.85
4689    0.85
2035    0.85
1360    0.85
1145    0.85
411     0.85
333     0.85
3141    0.85
577     0.85
529     0.85
1       0.85
156     0.85
1743    0.85
382     0.85
310     0.85
2057    0.85
4316    0.85
2313    0.85
1994    0.85
1052    0.85
854     0.85
4453    0.85
4738    0.85
4195    0.85
3678    0.85
48      0.85
2431    0.85
2153    0.85
1346    0.85
2673    0.85
4295    0.85
339     0.85
4519    0.85
3223    0.85
281     0.85
4645    0.85
3349    0.85
2564    0.85
1493    0.85
3836    0.85
4626    0.85
1739    0.85
1571    0.85
4007    0.85
4257    0.85
2143    0.85
4539    0.85
2784    0.85
1780    0.85
4028    0.85
4373    0.85
1688    0.85
443     0.85
3621    0.85
3629    0.85
3119    0.85
2006    0.85
1294    0.85
3548    0.85
1374    0.84
2000    0.84
4038    0.84
2998    0.84
3       0.84
565     0.84
1324    0.84
3860    0.84
3106    0.84
3886    0.84
2701    0.84
1610    0.84
2435    0.84
3982    0.84
3086    0.84
3561    0.84
1067    0.84
204     0.84
4653    0.84
142     0.84
4593    0.84
4793    0.84
1908    0.84
2346    0.84
2664    0.84
1746    0.84
1799    0.84
594     0.84
4111    0.84
3876    0.84
3267    0.84
3895    0.84
3378    0.84
4329    0.84
122     0.84
4520    0.84
4343    0.84
3270    0.84
1420    0.84
1886    0.84
4011    0.84
760     0.84
625     0.84
517     0.84
1535    0.84
85      0.84
2091    0.84
16      0.84
4671    0.84
530     0.84
4137    0.84
1713    0.84
4393    0.84
1377    0.84
804     0.84
2833    0.84
3169    0.84
815     0.84
1592    0.85
3318    0.85
2532    0.85
1932    0.85
4502    0.85
3476    0.85
3469    0.85
3718    0.85
3241    0.85
3874    0.85
1606    0.85
3932    0.85
566     0.85
4118    0.85
1824    0.85
2902    0.85
823     0.85
1166    0.85
2049    0.85
3826    0.85
925     0.85
1583    0.85
1295    0.85
2742    0.85
4013    0.85
1796    0.85
4614    0.85
2476    0.85
3636    0.85
1247    0.85
895     0.85
4074    0.85
3950    0.85
2518    0.85
542     0.85
4101    0.85
1938    0.85
2310    0.85
2671    0.85
532     0.85
2028    0.85
1720    0.85
428     0.85
4230    0.85
4655    0.85
187     0.85
543     0.85
4706    0.85
4270    0.85
14      0.85
4192    0.85
607     0.85
1803    0.85
500     0.85
4280    0.86
2392    0.86
1273    0.86
2123    0.86
1511    0.86
2786    0.86
4320    0.86
2849    0.86
1098    0.86
3674    0.86
653     0.86
1084    0.86
736     0.86
291     0.86
474     0.86
2809    0.86
78      0.86
1785    0.86
2126    0.86
1676    0.86
2281    0.86
483     0.86
1923    0.86
4812    0.86
2165    0.86
3162    0.86
2691    0.86
1706    0.86
3888    0.86
4784    0.86
4054    0.86
557     0.86
3041    0.86
980     0.86
4674    0.86
914     0.86
2226    0.86
3336    0.86
4773    0.86
3166    0.86
898     0.86
2552    0.86
299     0.86
3574    0.86
3003    0.86
2908    0.86
4530    0.86
2903    0.86
359     0.86
3458    0.86
3804    0.86
1601    0.86
3544    0.86
3296    0.86
3667    0.86
2606    0.86
4462    0.86
1122    0.86
1933    0.86
2670    0.86
4417    0.86
1159    0.86
3809    0.86
4769    0.86
288     0.86
256     0.86
2044    0.86
1384    0.86
3032    0.86
3243    0.86
983     0.86
2808    0.86
4444    0.86
3343    0.86
814     0.86
1761    0.86
3591    0.86
1709    0.86
4361    0.86
943     0.86
2425    0.86
1559    0.86
1968    0.86
1855    0.86
4720    0.86
4577    0.86
2424    0.86
263     0.86
106     0.86
3881    0.86
2507    0.86
3329    0.86
4432    0.86
3203    0.86
1934    0.86
947     0.86
1388    0.86
824     0.86
346     0.86
4801    0.86
1013    0.86
3184    0.86
2400    0.86
3524    0.86
4652    0.86
966     0.86
4642    0.86
3709    0.86
792     0.86
2315    0.86
3663    0.86
1334    0.86
420     0.86
8       0.86
1949    0.86
3334    0.86
2867    0.86
926     0.86
4149    0.86
1162    0.86
3423    0.86
4018    0.86
4597    0.86
1409    0.86
1976    0.86
2323    0.86
3632    0.86
4741    0.86
1452    0.86
3048    0.86
4076    0.86
1573    0.86
1795    0.86
2103    0.86
1603    0.86
3323    0.86
4248    0.86
2324    0.86
3111    0.86
2496    0.86
3555    0.86
2216    0.86
1723    0.86
26      0.86
2818    0.86
2765    0.86
2778    0.86
4105    0.86
3653    0.86
2779    0.86
4095    0.86
1222    0.86
3015    0.86
1563    0.86
2757    0.86
4798    0.86
4654    0.86
3784    0.86
4252    0.86
1941    0.86
1173    0.86
2529    0.86
4027    0.86
1530    0.86
1577    0.86
3897    0.86
1826    0.86
3774    0.86
2198    0.86
377     0.86
1776    0.86
1814    0.86
2074    0.86
3283    0.86
2580    0.86
3344    0.86
1719    0.86
4096    0.86
2613    0.86
1823    0.86
1474    0.86
2029    0.86
2589    0.86
3928    0.86
4535    0.86
2107    0.86
4711    0.86
1930    0.86
20      0.86
2033    0.86
4490    0.86
3788    0.86
3269    0.86
3219    0.86
3087    0.86
1209    0.86
789     0.86
2457    0.86
1473    0.86
193     0.86
2306    0.86
3480    0.86
2955    0.86
3143    0.86
2525    0.86
3781    0.86
4362    0.86
551     0.86
4346    0.86
3528    0.86
409     0.86
3496    0.86
973     0.86
100     0.86
3020    0.86
1649    0.86
1846    0.86
785     0.86
4663    0.86
4251    0.86
1961    0.86
4486    0.86
2601    0.86
424     0.86
3330    0.86
383     0.86
2650    0.86
3142    0.86
1853    0.86
246     0.86
1857    0.86
2880    0.86
1646    0.86
1841    0.86
2517    0.86
2866    0.86
2116    0.86
205     0.86
2017    0.86
2898    0.86
53      0.86
2961    0.86
3532    0.86
4237    0.86
1020    0.86
3856    0.86
64      0.86
2626    0.86
3308    0.86
1759    0.86
2871    0.86
1928    0.86
3317    0.86
242     0.86
2528    0.86
4737    0.86
1768    0.86
2472    0.86
4048    0.86
583     0.86
3023    0.86
1901    0.86
1182    0.86
1348    0.86
2753    0.86
4226    0.86
506     0.86
2177    0.86
1965    0.86
362     0.86
1198    0.86
2098    0.86
1679    0.86
1654    0.86
985     0.86
1864    0.86
2665    0.86
2108    0.86
1521    0.86
2832    0.86
1705    0.86
3995    0.86
1539    0.86
536     0.86
2015    0.86
3045    0.86
2527    0.86
4370    0.86
3606    0.86
4739    0.86
3416    0.86
3948    0.86
3376    0.86
4547    0.86
3622    0.86
1461    0.86
3734    0.86
3798    0.86
3497    0.86
157     0.86
226     0.86
2363    0.86
2022    0.86
1608    0.86
3509    0.86
2897    0.86
2676    0.86
3427    0.86
961     0.87
2003    0.87
1945    0.87
4464    0.87
2974    0.87
321     0.87
3828    0.87
2193    0.87
4395    0.87
3060    0.87
3732    0.87
3834    0.87
3440    0.87
669     0.87
3189    0.87
1426    0.87
345     0.87
4509    0.87
4245    0.87
4418    0.87
89      0.87
1619    0.87
4178    0.87
622     0.87
1905    0.87
115     0.87
633     0.87
3085    0.87
3642    0.87
1321    0.87
4523    0.87
1704    0.87
3000    0.87
4317    0.87
4212    0.87
783     0.87
3815    0.87
126     0.87
3933    0.87
3472    0.87
3620    0.87
2948    0.87
2419    0.87
1315    0.87
4216    0.87
2375    0.87
3213    0.87
4384    0.87
4641    0.87
413     0.86
971     0.86
3714    0.86
2556    0.86
599     0.87
1661    0.87
282     0.87
712     0.87
2365    0.87
4175    0.87
3793    0.87
233     0.87
1457    0.87
4375    0.87
1213    0.87
859     0.87
4460    0.87
2575    0.87
137     0.87
3800    0.87
3805    0.87
1339    0.87
3276    0.87
3665    0.87
1454    0.87
1561    0.87
3300    0.87
1660    0.87
3245    0.87
1442    0.87
4640    0.87
4620    0.87
3639    0.87
463     0.87
563     0.87
58      0.87
2106    0.87
3979    0.87
3033    0.87
1309    0.87
2011    0.87
2982    0.87
2468    0.87
4414    0.87
4439    0.87
2907    0.87
1404    0.87
1734    0.87
3030    0.87
3687    0.87
2362    0.87
1827    0.87
1624    0.87
2697    0.87
4286    0.87
4173    0.87
3160    0.87
337     0.87
879     0.87
2835    0.87
4514    0.87
3845    0.87
3953    0.87
3040    0.87
3176    0.87
88      0.87
751     0.87
1752    0.87
2219    0.87
967     0.87
2186    0.87
1458    0.87
3065    0.88
3701    0.88
2397    0.88
3670    0.88
2416    0.88
1060    0.88
1911    0.88
3645    0.88
178     0.88
255     0.88
3584    0.88
3938    0.88
2512    0.86
797     0.88
2899    0.88
3088    0.88
1375    0.88
4785    0.88
3817    0.88
4305    0.88
1065    0.88
2254    0.88
4478    0.88
3478    0.88
2770    0.88
4215    0.88
67      0.88
3515    0.88
3581    0.88
3614    0.88
744     0.88
4141    0.88
601     0.88
3110    0.88
3280    0.88
2137    0.88
507     0.88
2973    0.88
4015    0.88
54      0.88
3906    0.87
323     0.87
4135    0.87
2500    0.87
3580    0.87
3052    0.87
225     0.87
1836    0.87
1779    0.87
3383    0.87
342     0.87
3619    0.87
2038    0.87
1683    0.87
2464    0.87
937     0.88
2333    0.88
4675    0.88
3864    0.88
1584    0.88
70      0.88
4322    0.88
1494    0.88
2856    0.88
4504    0.88
3054    0.88
1249    0.88
1527    0.88
4510    0.88
1615    0.86
1180    0.86
2299    0.86
3009    0.86
3056    0.86
276     0.86
1453    0.86
3390    0.86
1588    0.86
614     0.86
866     0.86
1437    0.86
642     0.86
3839    0.86
3432    0.86
3250    0.86
2936    0.86
491     0.86
3562    0.86
1614    0.86
51      0.86
2109    0.86
3019    0.86
4338    0.86
2707    0.86
732     0.86
918     0.86
4814    0.86
2161    0.86
1831    0.86
3140    0.86
1063    0.86
3837    0.86
4079    0.86
2582    0.86
116     0.86
2040    0.86
2264    0.86
2243    0.86
2013    0.86
2453    0.86
1758    0.86
1721    0.86
4009    0.86
477     0.86
4767    0.86
2763    0.86
1342    0.86
3451    0.86
2600    0.86
627     0.86
4318    0.85
1512    0.84
488     0.85
3374    0.85
3927    0.85
2349    0.85
4496    0.85
2944    0.85
4016    0.85
944     0.85
2463    0.85
374     0.85
4323    0.85
3925    0.85
3137    0.85
2073    0.85
3768    0.85
2987    0.85
2009    0.85
1410    0.85
4113    0.85
228     0.85
267     0.86
1538    0.86
2373    0.86
861     0.86
1662    0.86
1636    0.86
2456    0.86
4445    0.86
936     0.86
812     0.86
3867    0.86
1920    0.86
355     0.86
4310    0.86
4205    0.86
455     0.86
1718    0.86
2542    0.86
2121    0.86
2565    0.86
3549    0.86
1957    0.87
3262    0.87
931     0.87
1167    0.87
4394    0.87
203     0.87
1771    0.87
3139    0.87
3441    0.87
3904    0.87
3304    0.87
2381    0.87
3064    0.87
2748    0.87
2248    0.87
2340    0.87
2959    0.87
1061    0.87
4456    0.87
453     0.86
1189    0.86
3865    0.86
4565    0.86
1286    0.87
2740    0.87
4576    0.87
674     0.87
3617    0.87
2644    0.87
3750    0.87
2804    0.87
1770    0.87
3492    0.87
1701    0.87
2947    0.87
189     0.87
2063    0.87
981     0.87
2446    0.87
2829    0.87
4580    0.87
2087    0.87
3222    0.87
1891    0.87
3397    0.87
2841    0.87
1861    0.87
3592    0.87
2231    0.87
314     0.87
2135    0.87
17      0.87
3916    0.87
929     0.87
3268    0.87
3287    0.87
3347    0.87
4605    0.87
2654    0.87
2089    0.87
2520    0.87
3769    0.87
504     0.87
2861    0.87
1638    0.87
4717    0.87
2019    0.87
1314    0.87
769     0.87
4278    0.87
1839    0.87
1765    0.87
143     0.87
3587    0.87
3244    0.87
4701    0.87
360     0.87
4604    0.87
3529    0.87
1165    0.87
534     0.86
1379    0.86
2703    0.86
4282    0.86
527     0.86
4220    0.86
862     0.86
4202    0.86
1007    0.86
4262    0.86
4556    0.86
2735    0.86
331     0.86
1722    0.86
806     0.86
4811    0.86
145     0.86
4260    0.86
4557    0.86
3902    0.86
3558    0.86
1187    0.86
2185    0.86
1445    0.86
1546    0.86
4350    0.86
3364    0.86
3315    0.86
1088    0.86
1594    0.86
3257    0.86
2146    0.86
4071    0.86
1079    0.86
1741    0.86
3566    0.86
3862    0.86
1816    0.86
2355    0.86
1885    0.87
775     0.87
960     0.87
4378    0.87
1278    0.87
3298    0.87
3681    0.87
46      0.87
4744    0.87
2791    0.87
1082    0.87
1289    0.87
4345    0.87
1972    0.87
2711    0.87
2923    0.87
1924    0.87
1556    0.87
101     0.87
3661    0.87
2683    0.87
1090    0.87
2229    0.87
2348    0.87
4571    0.87
1959    0.87
4484    0.87
3586    0.87
3118    0.87
298     0.87
2004    0.87
2630    0.87
1637    0.87
3452    0.87
2085    0.87
923     0.87
1308    0.87
97      0.87
1448    0.87
1003    0.87
3654    0.87
2491    0.87
628     0.87
3313    0.87
2445    0.87
2034    0.87
4381    0.87
30      0.87
1542    0.87
3356    0.87
4753    0.87
4437    0.87
2859    0.87
2963    0.87
1282    0.87
4804    0.84
3371    0.86
4670    0.85
3043    0.85
4734    0.85
3322    0.85
2112    0.85
4560    0.85
1822    0.85
883     0.85
845     0.85
2680    0.85
2679    0.85
2749    0.85
3236    0.85
4476    0.85
4157    0.85
3998    0.85
4196    0.85
2101    0.85
3263    0.85
2911    0.85
2537    0.85
1310    0.85
401     0.85
4403    0.85
2660    0.85
1105    0.85
2061    0.85
3963    0.85
544     0.85
4622    0.85
3332    0.85
283     0.85
3597    0.85
2719    0.85
2712    0.85
1299    0.85
832     0.85
4075    0.85
2588    0.85
371     0.85
4379    0.85
830     0.85
2273    0.85
1288    0.85
4503    0.85
679     0.85
619     0.85
2080    0.85
548     0.85
93      0.85
4219    0.85
1691    0.85
2943    0.85
988     0.85
2672    0.85
1877    0.85
2651    0.85
1568    0.85
2655    0.85
3926    0.85
3847    0.85
1074    0.85
3017    0.85
1810    0.85
3126    0.85
1336    0.85
4441    0.85
2743    0.85
1287    0.85
560     0.85
2579    0.85
2247    0.85
525     0.86
4275    0.86
1838    0.86
535     0.86
1887    0.86
4020    0.86
3193    0.86
3348    0.85
2422    0.85
3849    0.85
1602    0.86
406     0.86
2910    0.86
166     0.86
2432    0.86
1797    0.86
4470    0.86
1201    0.86
968     0.86
52      0.86
1362    0.86
1557    0.86
630     0.86
2001    0.86
2505    0.84
3122    0.84
4070    0.84
4255    0.84
1051    0.84
3055    0.84
1943    0.84
4304    0.84
4377    0.84
4431    0.84
2981    0.84
1775    0.84
2964    0.84
2823    0.84
2163    0.84
1012    0.84
3240    0.84
2506    0.84
632     0.84
179     0.84
1983    0.84
841     0.84
3292    0.84
4273    0.84
4285    0.84
4542    0.84
1899    0.84
688     0.84
3256    0.84
2239    0.84
3779    0.84
1872    0.84
2591    0.84
2047    0.84
1639    0.84
1500    0.84
2460    0.84
2394    0.84
734     0.84
1015    0.85
3253    0.85
319     0.85
469     0.84
613     0.84
1045    0.84
1418    0.84
3314    0.84
2203    0.84
3939    0.84
294     0.84
3073    0.87
3078    0.87
3854    0.87
1625    0.87
805     0.87
4025    0.87
159     0.87
1852    0.87
1970    0.87
1520    0.87
1611    0.87
110     0.87
793     0.87
2481    0.87
3958    0.87
3426    0.87
884     0.87
2347    0.87
21      0.87
2360    0.87
3366    0.88
4099    0.88
4002    0.88
3541    0.88
2689    0.88
1545    0.88
3914    0.88
2039    0.88
1480    0.88
1977    0.88
2524    0.89
4787    0.89
950     0.89
2653    0.89
1181    0.89
2062    0.89
1139    0.89
3277    0.89
2427    0.89
4705    0.89
2358    0.89
3552    0.89
831     0.89
407     0.89
2501    0.89
816     0.89
912     0.89
2059    0.89
3464    0.89
2065    0.89
158     0.89
3453    0.89
2092    0.89
3693    0.89
1733    0.89
4532    0.89
725     0.89
3365    0.89
2356    0.89
1230    0.89
3568    0.89
4569    0.89
1996    0.89
2816    0.89
3986    0.89
2530    0.89
2611    0.89
3600    0.89
762     0.89
3934    0.89
1016    0.89
3866    0.89
1792    0.89
1254    0.89
3473    0.89
4086    0.89
481     0.89
2930    0.89
555     0.89
2250    0.89
2870    0.89
202     0.89
241     0.89
103     0.89
2411    0.89
1801    0.89
3937    0.89
867     0.89
2709    0.89
3651    0.89
3770    0.89
4454    0.89
378     0.89
852     0.89
1256    0.89
4649    0.89
553     0.89
3643    0.89
3097    0.89
4625    0.89
1508    0.89
4549    0.89
2483    0.89
2337    0.89
4339    0.89
3475    0.89
4425    0.89
3823    0.89
1078    0.88
3567    0.88
4780    0.88
559     0.88
4543    0.88
3742    0.88
4391    0.88
2286    0.88
1057    0.88
1487    0.88
3438    0.88
3455    0.88
4564    0.88
740     0.88
2272    0.88
2064    0.88
3004    0.88
2007    0.88
141     0.88
671     0.88
699     0.88
3976    0.88
4253    0.88
1925    0.88
4677    0.88
4342    0.88
2686    0.88
1212    0.88
2775    0.88
4103    0.88
3430    0.88
201     0.88
4012    0.88
2622    0.88
1430    0.88
4056    0.88
3299    0.88
3782    0.88
320     0.88
569     0.88
4591    0.88
4712    0.88
155     0.88
1251    0.88
2515    0.88
1017    0.88
2217    0.88
3819    0.88
41      0.88
3966    0.89
4815    0.89
2320    0.89
1747    0.89
4725    0.89
2843    0.89
850     0.89
3612    0.89
23      0.89
2495    0.89
4337    0.89
3748    0.89
1856    0.89
4147    0.89
446     0.89
618     0.89
556     0.89
4703    0.89
2713    0.89
4710    0.89
2684    0.89
4218    0.89
951     0.89
2343    0.89
3894    0.89
515     0.89
1642    0.89
4281    0.89
3038    0.89
4466    0.89
2978    0.89
1807    0.89
2605    0.89
4276    0.89
3307    0.89
3098    0.89
2300    0.89
739     0.89
2789    0.89
1269    0.89
989     0.89
3413    0.89
49      0.89
393     0.89
284     0.89
701     0.89
4459    0.89
2470    0.89
3861    0.89
1390    0.89
3205    0.89
33      0.89
3637    0.89
245     0.89
2056    0.89
4409    0.89
297     0.89
502     0.89
1617    0.89
2180    0.89
1800    0.89
3099    0.89
1499    0.89
1400    0.89
1268    0.89
3069    0.89
3676    0.89
2917    0.89
590     0.89
1245    0.89
964     0.89
2256    0.89
3578    0.89
4143    0.89
223     0.89
3787    0.89
2557    0.89
4457    0.89
1501    0.89
2577    0.89
4060    0.89
231     0.89
1980    0.89
774     0.89
3710    0.89
3022    0.89
4602    0.89
254     0.89
4162    0.89
4718    0.89
3037    0.89
4014    0.89
4052    0.89
2937    0.89
2235    0.89
184     0.89
2194    0.89
3859    0.89
3901    0.89
2369    0.89
364     0.89
3414    0.89
853     0.89
4554    0.89
1435    0.89
4623    0.89
3810    0.89
1006    0.89
4821    0.89
3285    0.89
1871    0.89
3154    0.89
216     0.89
4756    0.89
2267    0.89
4313    0.89
1170    0.89
3109    0.89
4716    0.89
1026    0.89
1744    0.89
4061    0.89
3993    0.89
4544    0.89
326     0.89
1652    0.89
2783    0.89
585     0.89
1305    0.89
28      0.89
3807    0.89
2559    0.89
4       0.89
210     0.89
2696    0.89
208     0.89
4142    0.89
913     0.89
3690    0.89
234     0.89
3545    0.89
3825    0.89
77      0.89
1292    0.89
1424    0.89
1141    0.89
3444    0.89
1543    0.89
1262    0.89
2490    0.89
3546    0.89
3830    0.89
4467    0.89
860     0.89
4324    0.89
3680    0.89
4091    0.89
476     0.89
1478    0.89
1455    0.89
3463    0.89
1686    0.89
2885    0.89
1164    0.89
855     0.89
719     0.89
461     0.89
1372    0.89
863     0.89
3485    0.89
3212    0.89
4165    0.89
266     0.89
1711    0.89
3935    0.89
2875    0.89
4301    0.89
4771    0.89
2603    0.89
4421    0.89
1582    0.89
4412    0.89
1671    0.89
272     0.89
146     0.89
3929    0.89
341     0.89
1505    0.89
224     0.89
1882    0.89
3590    0.89
4563    0.89
2523    0.89
595     0.89
4189    0.89
1695    0.89
128     0.89
3505    0.89
1337    0.89
2996    0.89
422     0.89
3803    0.89
1197    0.89
31      0.89
2100    0.89
3324    0.89
4392    0.89
2782    0.89
1172    0.89
713     0.89
2311    0.89
1729    0.89
3080    0.89
388     0.89
415     0.89
3615    0.89
2755    0.89
1895    0.89
2970    0.89
2645    0.89
2449    0.89
1093    0.89
1150    0.89
2546    0.89
4807    0.89
4365    0.89
992     0.89
206     0.89
858     0.89
2069    0.89
1954    0.89
3102    0.89
1135    0.89
589     0.89
4475    0.89
1832    0.88
269     0.88
3797    0.87
2455    0.87
2283    0.87
3662    0.87
1631    0.87
3949    0.87
781     0.86
3058    0.86
338     0.86
2551    0.86
1551    0.88
1940    0.88
4045    0.88
4368    0.88
3634    0.87
1516    0.87
3456    0.87
3211    0.87
2781    0.87
2096    0.87
3713    0.87
4093    0.87
3214    0.87
2444    0.87
2492    0.86
2228    0.86
2725    0.86
2429    0.86
818     0.86
1760    0.86
1283    0.86
2139    0.86
3669    0.86
1030    0.86
4800    0.86
2041    0.86
1673    0.86
659     0.86
4750    0.86
1842    0.86
4121    0.86
3824    0.86
4058    0.85
979     0.85
1196    0.85
2037    0.85
868     0.85
4398    0.85
2473    0.86
2140    0.86
4108    0.86
4410    0.86
1951    0.86
4005    0.86
2301    0.86
2403    0.86
1378    0.86
2170    0.86
4596    0.86
4180    0.86
2465    0.85
4145    0.85
2051    0.85
1865    0.85
1081    0.85
3229    0.85
402     0.85
35      0.85
2891    0.85
2647    0.85
3716    0.85
356     0.85
2415    0.85
4081    0.85
27      0.85
1837    0.85
3785    0.85
2327    0.86
1086    0.86
4222    0.86
4628    0.86
2439    0.86
1598    0.86
617     0.86
3540    0.86
4531    0.86
1898    0.86
707     0.86
1304    0.86
2718    0.86
1498    0.86
1935    0.86
4066    0.86
1630    0.86
4723    0.86
1817    0.87
1786    0.87
1805    0.87
104     0.87
1989    0.87
1350    0.87
4203    0.87
2388    0.87
1111    0.87
430     0.87
1032    0.87
4728    0.87
332     0.87
3598    0.87
4199    0.87
42      0.87
2625    0.87
72      0.87
508     0.87
1845    0.87
3758    0.87
1753    0.87
3116    0.87
1140    0.87
4588    0.87
4136    0.87
2368    0.87
3715    0.87
3306    0.87
1307    0.87
2548    0.87
1626    0.87
768     0.87
4489    0.87
4579    0.87
829     0.87
2868    0.87
498     0.87
235     0.86
2129    0.86
1825    0.86
2641    0.85
2643    0.85
265     0.85
2904    0.85
348     0.85
1381    0.85
1974    0.85
1036    0.86
1113    0.86
1107    0.86
3337    0.86
4211    0.86
3072    0.86
3158    0.86
1692    0.86
2451    0.86
3228    0.86
3101    0.87
264     0.88
896     0.88
4082    0.88
3130    0.88
1395    0.88
3796    0.88
2950    0.88
365     0.88
1233    0.88
217     0.88
4498    0.88
1653    0.88
1054    0.88
3028    0.88
4823    0.88
485     0.88
4550    0.88
1116    0.88
652     0.88
1138    0.88
780     0.88
3508    0.88
2678    0.88
399     0.88
737     0.88
3404    0.88
2681    0.88
1371    0.88
2350    0.89
881     0.89
444     0.89
286     0.89
458     0.89
4483    0.89
4354    0.89
794     0.89
4306    0.89
1910    0.89
1767    0.89
3131    0.89
3760    0.89
3235    0.89
3613    0.89
2732    0.89
15      0.89
2965    0.88
2206    0.88
678     0.88
1338    0.88
3066    0.88
207     0.88
825     0.88
2443    0.88
1039    0.88
4186    0.88
2826    0.88
2430    0.88
2436    0.88
3259    0.88
1815    0.88
4158    0.88
1889    0.88
3969    0.88
1128    0.88
3341    0.88
4792    0.88
1373    0.88
3900    0.88
3557    0.88
1616    0.88
2318    0.88
4271    0.88
995     0.88
3610    0.88
1357    0.88
2699    0.88
162     0.87
3954    0.87
676     0.87
4405    0.87
799     0.87
597     0.87
94      0.87
4687    0.87
3964    0.87
4224    0.87
32      0.87
1210    0.87
3406    0.87
647     0.87
173     0.87
1281    0.87
1413    0.87
4662    0.87
935     0.87
894     0.87
2131    0.87
3707    0.87
4132    0.87
1964    0.87
4364    0.87
316     0.87
2307    0.87
539     0.88
1320    0.88
91      0.88
846     0.88
1570    0.88
4166    0.88
735     0.88
3767    0.88
4191    0.88
4122    0.88
4228    0.88
4051    0.88
2855    0.88
1153    0.88
2190    0.88
3931    0.88
3814    0.88
2133    0.88
3987    0.88
1942    0.88
549     0.88
271     0.88
2649    0.88
2329    0.88
1866    0.88
1851    0.88
587     0.88
4664    0.88
3112    0.88
479     0.88
3518    0.88
1960    0.88
623     0.88
4272    0.88
772     0.88
4559    0.88
3977    0.88
3210    0.88
3221    0.88
1621    0.88
292     0.88
531     0.88
4566    0.88
1915    0.88
2156    0.88
3738    0.88
4648    0.88
4154    0.88
1071    0.88
2110    0.88
909     0.88
2893    0.88
386     0.88
621     0.88
1804    0.88
1657    0.88
3596    0.88
4759    0.88
4449    0.88
3729    0.88
4187    0.88
1984    0.88
3107    0.88
1952    0.88
2561    0.88
4279    0.88
954     0.88
2776    0.88
4754    0.88
3050    0.88
1724    0.88
721     0.88
212     0.88
927     0.88
4069    0.88
972     0.88
2102    0.88
1632    0.88
432     0.88
2659    0.88
2359    0.88
900     0.88
4585    0.88
3747    0.88
327     0.88
3790    0.88
2408    0.88
2298    0.88
3689    0.88
3075    0.88
1163    0.88
3525    0.88
4240    0.88
1271    0.88
3890    0.88
720     0.88
2666    0.88
2752    0.88
4558    0.88
1440    0.88
603     0.88
2314    0.88
2147    0.88
4383    0.88
3753    0.88
2702    0.88
1575    0.88
2296    0.88
2721    0.88
4397    0.88
2820    0.88
4694    0.88
3144    0.88
2382    0.88
2275    0.88
872     0.88
4818    0.88
2992    0.88
657     0.88
177     0.88
2405    0.88
3007    0.88
767     0.88
503     0.88
4458    0.88
2896    0.88
2002    0.88
644     0.88
2014    0.88
4733    0.88
3047    0.88
2928    0.88
1228    0.88
1058    0.88
2319    0.88
1340    0.88
4813    0.88
1358    0.88
3633    0.88
946     0.88
3605    0.88
3302    0.88
1216    0.88
188     0.88
1284    0.88
176     0.88
1580    0.88
661     0.88
4114    0.88
1672    0.88
1468    0.88
2837    0.88
4692    0.88
200     0.88
1306    0.88
3989    0.88
4207    0.89
2214    0.89
2189    0.89
3403    0.89
4351    0.89
87      0.89
3449    0.89
1585    0.89
2       0.89
3951    0.89
44      0.89
1586    0.88
1215    0.88
3359    0.88
4824    0.88
2985    0.88
3491    0.88
1896    0.88
2972    0.88
934     0.88
3799    0.88
1040    0.88
1130    0.88
1612    0.88
1997    0.88
2941    0.88
344     0.88
4400    0.88
1354    0.88
637     0.88
2657    0.88
2344    0.88
2617    0.89
3163    0.89
4786    0.89
467     0.89
905     0.89
1152    0.89
4299    0.89
658     0.89
2986    0.89
2285    0.89
2210    0.89
3517    0.89
3537    0.88
1353    0.88
3194    0.88
2391    0.88
4624    0.88
2120    0.88
3089    0.88
2409    0.88
3762    0.88
412     0.88
135     0.88
2933    0.88
1238    0.88
541     0.88
1260    0.88
3943    0.88
1014    0.88
1645    0.88
3094    0.88
3959    0.88
3952    0.88
1275    0.88
3369    0.88
2615    0.88
1541    0.88
4795    0.88
4603    0.88
1096    0.88
3922    0.88
2420    0.88
3829    0.88
3436    0.88
2519    0.88
1698    0.88
4032    0.88
2167    0.88
2487    0.88
3120    0.88
1368    0.88
2182    0.88
3903    0.88
807     0.89
685     0.89
4107    0.89
139     0.89
4144    0.89
3868    0.89
2052    0.89
4526    0.89
2502    0.89
2872    0.89
2270    0.89
1650    0.89
2620    0.89
4206    0.89
3843    0.89
1344    0.89
552     0.89
2839    0.89
396     0.89
2021    0.89
3354    0.89
1296    0.89
3429    0.89
2607    0.89
384     0.89
2383    0.89
1419    0.89
4630    0.89
370     0.89
1274    0.89
257     0.89
2720    0.89
4762    0.89
219     0.89
1246    0.89
2828    0.89
1914    0.89
3265    0.89
3425    0.89
1255    0.89
148     0.89
3439    0.89
3486    0.89
1906    0.89
1174    0.89
2658    0.89
4635    0.89
4065    0.89
4120    0.89
3258    0.89
4314    0.89
3113    0.89
1236    0.89
3079    0.89
1644    0.89
1439    0.89
1108    0.89
1175    0.89
2754    0.89
3965    0.89
3016    0.89
1564    0.89
1169    0.89
3450    0.89
2862    0.89
821     0.89
4399    0.89
1179    0.89
2895    0.89
1591    0.89
974     0.89
2055    0.89
4435    0.89
1870    0.89
1208    0.89
2305    0.89
4155    0.89
1590    0.89
4632    0.89
1918    0.89
2418    0.89
3736    0.89
580     0.89
933     0.89
754     0.89
761     0.89
243     0.89
4385    0.89
3772    0.89
4618    0.89
4239    0.89
3791    0.89
2127    0.89
3071    0.89
12      0.89
1909    0.89
57      0.89
2095    0.89
90      0.89
4493    0.89
1001    0.89
3108    0.89
1023    0.89
643     0.89
311     0.89
2367    0.89
2567    0.89
1648    0.89
2339    0.89
3044    0.89
2168    0.89
2569    0.89
1589    0.89
703     0.89
1647    0.89
3499    0.89
3202    0.89
1110    0.89
10      0.89
1421    0.89
2544    0.89
2353    0.89
1532    0.89
3333    0.89
4809    0.89
2848    0.89
1992    0.89
4184    0.89
3127    0.89
4515    0.89
190     0.89
3284    0.89
1833    0.89
1359    0.89
4696    0.89
3157    0.89
1242    0.89
4709    0.89
259     0.89
3974    0.89
3133    0.89
2762    0.89
83      0.89
3564    0.89
2423    0.89
4422    0.89
2802    0.89
1939    0.89
2144    0.89
1982    0.89
4336    0.89
4438    0.89
3247    0.89
3104    0.89
24      0.89
1735    0.89
4312    0.89
119     0.89
449     0.89
465     0.89
1745    0.89
2756    0.89
2338    0.89
2448    0.89
2421    0.89
932     0.89
952     0.89
3090    0.89
673     0.89
1754    0.89
482     0.89
2971    0.89
3589    0.89
1890    0.89
127     0.89
3594    0.89
1115    0.89
2619    0.89
1267    0.89
3512    0.89
2245    0.89
689     0.89
1237    0.89
4446    0.89
3076    0.89
4553    0.89
2374    0.89
3988    0.89
2086    0.89
2269    0.89
308     0.89
2810    0.89
838     0.89
240     0.89
4287    0.89
3685    0.89
1484    0.89
3842    0.89
3912    0.89
3248    0.89
4619    0.89
4525    0.89
1414    0.89
1506    0.89
777     0.89
2935    0.89
1854    0.89
1694    0.89
813     0.89
3482    0.89
3342    0.89
4474    0.89
366     0.89
4161    0.89
2894    0.89
1351    0.89
1490    0.89
1708    0.89
3129    0.89
2289    0.89
3279    0.89
1791    0.89
2173    0.89
1066    0.89
1488    0.89
9       0.89
4600    0.89
4302    0.89
1919    0.89
3170    0.89
708     0.89
3623    0.89
651     0.88
2822    0.85
2876    0.85
4808    0.85
616     0.83
2888    0.82
857     0.82
4688    0.83
2309    0.82
738     0.82
1203    0.85
4668    0.86
2698    0.86
840     0.87
2921    0.87
1343    0.87
1973    0.88
2803    0.88
1112    0.88
262     0.88
3706    0.88
340     0.89
4366    0.88
304     0.88
11      0.88
1904    0.88
1656    0.88
389     0.88
635     0.88
1756    0.88
442     0.88
260     0.88
4100    0.87
2618    0.87
2913    0.87
4727    0.87
1537    0.87
975     0.87
1627    0.87
1221    0.87
2494    0.87
306     0.87
4123    0.87
2690    0.87
45      0.87
571     0.87
3437    0.87
3802    0.87
2384    0.87
3249    0.87
715     0.87
3582    0.87
2586    0.87
3410    0.87
2795    0.87
3811    0.87
930     0.87
3984    0.87
1143    0.88
1907    0.88
2303    0.88
437     0.88
4163    0.88
1821    0.88
3401    0.88
2715    0.88
3459    0.88
3001    0.88
4188    0.88
4247    0.89
1460    0.89
4501    0.89
865     0.89
3835    0.89
682     0.89
3853    0.88
910     0.88
3911    0.88
1712    0.89
1317    0.89
3588    0.89
620     0.89
722     0.89
2385    0.89
3389    0.89
938     0.89
3556    0.89
4062    0.89
4341    0.89
1700    0.89
526     0.89
796     0.89
1207    0.89
398     0.89
1526    0.89
4227    0.89
2759    0.89
4050    0.89
1781    0.89
2234    0.89
470     0.89
3936    0.89
2566    0.89
790     0.89
3152    0.89
921     0.89
654     0.89
2486    0.89
3493    0.89
4297    0.89
2729    0.89
848     0.89
3780    0.89
742     0.89
3618    0.89
684     0.89
4695    0.89
391     0.89
1417    0.89
4434    0.89
423     0.89
3543    0.89
1604    0.89
3062    0.89
4586    0.89
2663    0.89
2332    0.89
2175    0.89
723     0.89
1347    0.89
1186    0.89
454     0.89
121     0.89
251     0.89
405     0.89
849     0.89
970     0.89
4130    0.89
2058    0.89
4545    0.89
3708    0.89
22      0.88
4551    0.88
2968    0.88
3550    0.88
1953    0.88
2474    0.88
3327    0.88
728     0.88
2222    0.88
1893    0.88
1622    0.88
817     0.88
3303    0.88
4743    0.88
778     0.88
2079    0.88
2458    0.88
3063    0.88
1916    0.88
1830    0.88
2717    0.88
2939    0.88
1218    0.88
3367    0.88
2727    0.88
2274    0.88
400     0.88
3892    0.88
1136    0.88
756     0.88
2730    0.88
3281    0.88
295     0.88
2952    0.88
784     0.88
3353    0.88
3822    0.88
1884    0.88
3138    0.88
3956    0.88
1134    0.88
1496    0.88
693     0.88
1947    0.88
4455    0.88
3727    0.88
788     0.88
4389    0.88
3197    0.88
138     0.89
4284    0.89
4046    0.89
99      0.89
3431    0.89
4214    0.89
610     0.89
4223    0.89
379     0.89
3657    0.89
2150    0.89
3394    0.89
436     0.89
726     0.89
1363    0.89
2166    0.89
2042    0.89
2493    0.89
1220    0.89
1659    0.89
4768    0.89
3411    0.89
3375    0.89
3217    0.89
2485    0.89
3290    0.89
293     0.89
4729    0.89
4229    0.89
2623    0.89
37      0.89
2834    0.88
4708    0.88
1892    0.88
3181    0.88
4643    0.88
3776    0.88
608     0.88
4646    0.88
3808    0.88
4390    0.88
4067    0.88
375     0.88
3813    0.88
537     0.88
258     0.88
842     0.88
2477    0.88
181     0.88
2865    0.88
1912    0.88
1894    0.88
4680    0.88
2105    0.88
4656    0.88
3206    0.88
1277    0.88
2919    0.88
1655    0.88
3379    0.88
3602    0.88
7       0.88
2441    0.88
4017    0.88
3942    0.87
2417    0.87
2325    0.87
4349    0.87
4360    0.87
150     0.86
3360    0.86
131     0.86
4367    0.86
3373    0.86
1300    0.86
3691    0.86
2692    0.86
694     0.86
511     0.86
2608    0.86
1018    0.86
2646    0.86
4477    0.86
2005    0.86
2878    0.86
1380    0.86
3593    0.86
447     0.86
3042    0.86
1820    0.86
2723    0.86
4083    0.86
1483    0.86
3743    0.86
3511    0.86
1513    0.86
4242    0.86
4127    0.86
4413    0.86
1075    0.86
3500    0.86
1248    0.85
695     0.85
4736    0.86
421     0.86
1422    0.86
1261    0.86
3207    0.88
4330    0.88
3392    0.88
1405    0.88
2836    0.88
716     0.88
3294    0.88
2497    0.88
3682    0.88
3604    0.88
4599    0.88
3261    0.88
890     0.88
3117    0.88
1859    0.87
903     0.87
3538    0.87
773     0.87
3975    0.87
1270    0.87
3920    0.87
244     0.87
802     0.87
2693    0.87
786     0.87
3870    0.88
2259    0.88
441     0.88
1450    0.88
899     0.88
2295    0.88
1725    0.88
4799    0.88
3907    0.87
2251    0.87
2695    0.87
1191    0.87
1475    0.87
2739    0.87
4685    0.87
4200    0.87
175     0.87
468     0.87
3891    0.87
1202    0.87
4540    0.87
4098    0.87
528     0.87
3506    0.87
3470    0.87
1748    0.87
2188    0.87
568     0.87
1766    0.87
2558    0.87
170     0.87
1369    0.87
4755    0.87
1536    0.87
977     0.87
1651    0.87
3209    0.87
2716    0.87
2821    0.87
3818    0.87
2475    0.87
588     0.87
2364    0.87
3039    0.87
4584    0.87
4764    0.87
4080    0.87
3174    0.87
3766    0.87
2990    0.87
2997    0.87
2142    0.87
4138    0.87
2030    0.87
1757    0.87
4289    0.87
1365    0.87
2884    0.87
2682    0.87
129     0.87
1100    0.87
3252    0.87
4213    0.87
1383    0.87
875     0.87
897     0.87
59      0.87
706     0.87
4355    0.87
1211    0.87
1809    0.87
307     0.87
1302    0.87
4676    0.87
3547    0.87
1447    0.87
612     0.87
3579    0.87
3501    0.87
1341    0.87
4315    0.87
4575    0.87
3666    0.87
4035    0.88
2026    0.87
2293    0.87
4347    0.87
1806    0.87
2800    0.87
60      0.87
1243    0.87
2060    0.87
2819    0.87
1356    0.87
2953    0.88
822     0.88
3226    0.88
1462    0.87
1434    0.87
1504    0.87
4167    0.87
3656    0.87
325     0.87
3625    0.87
811     0.87
4358    0.87
2151    0.87
92      0.87
2442    0.87
3688    0.87
435     0.87
3195    0.87
1684    0.87
1394    0.87
1041    0.87
4638    0.87
2602    0.87
3971    0.87
4763    0.87
672     0.87
459     0.87
149     0.87
3877    0.87
3220    0.87
3775    0.87
4232    0.87
1881    0.87
2522    0.87
2945    0.87
3305    0.87
3408    0.87
1402    0.87
2983    0.87
4548    0.87
1318    0.87
2178    0.87
63      0.87
2539    0.87
2813    0.87
3773    0.87
419     0.87
1151    0.87
3677    0.87
1438    0.87
4077    0.87
4697    0.87
2909    0.87
3644    0.87
1929    0.87
1548    0.87
1979    0.87
2287    0.87
369     0.87
2342    0.87
2152    0.88
473     0.88
2466    0.88
4331    0.88
3764    0.88
2238    0.88
2631    0.88
2632    0.88
1476    0.88
1056    0.88
3182    0.88
3733    0.88
1389    0.88
2637    0.88
602     0.88
4617    0.88
2018    0.88
2536    0.88
710     0.88
2915    0.88
230     0.88
4451    0.88
2648    0.88
924     0.88
4352    0.88
3005    0.88
3841    0.88
3445    0.88
3135    0.88
4026    0.88
2104    0.88
3719    0.88
1755    0.88
501     0.88
4249    0.88
1393    0.88
3421    0.88
2882    0.88
3683    0.88
334     0.88
1332    0.88
3081    0.88
3833    0.88
3921    0.88
214     0.88
4621    0.88
683     0.88
3905    0.88
3752    0.88
626     0.88
1522    0.88
3530    0.88
1558    0.88
3013    0.88
2694    0.88
1596    0.88
2503    0.88
787     0.88
3124    0.88
2396    0.88
2850    0.88
4321    0.88
2213    0.88
2225    0.88
550     0.88
3947    0.88
1176    0.88
2082    0.88
2560    0.88
4819    0.88
1427    0.88
3328    0.88
2662    0.88
2571    0.88
2208    0.88
1386    0.88
1966    0.88
2263    0.88
1029    0.88
3664    0.88
1981    0.88
638     0.88
2807    0.88
456     0.88
2467    0.88
2900    0.88
675     0.88
2847    0.88
3167    0.88
3880    0.88
1463    0.88
3331    0.88
4139    0.88
3320    0.88
505     0.88
1097    0.88
801     0.88
4433    0.88
3731    0.88
1749    0.88
2412    0.88
4153    0.88
3909    0.88
939     0.88
480     0.88
3607    0.88
809     0.88
1193    0.88
820     0.88
1818    0.88
1234    0.88
4243    0.88
4333    0.88
4774    0.88
1902    0.88
433     0.88
2071    0.88
484     0.88
2297    0.88
4124    0.88
1094    0.88
2284    0.88
1470    0.88
472     0.88
4491    0.88
351     0.88
4250    0.88
509     0.88
1291    0.88
3191    0.88
3435    0.88
1408    0.88
1047    0.88
4639    0.88
2341    0.88
3924    0.88
2122    0.88
1046    0.88
990     0.88
4521    0.88
3218    0.88
4568    0.88
2081    0.88
3282    0.88
4797    0.88
29      0.88
1554    0.88
3744    0.88
3603    0.88
4085    0.88
2370    0.88
3647    0.88
759     0.88
4059    0.88
877     0.88
1272    0.88
3345    0.88
892     0.88
1264    0.88
2780    0.88
4415    0.88
3233    0.88
2176    0.88
3273    0.88
520     0.88
1133    0.88
2077    0.88
4128    0.88
2541    0.88
1690    0.88
999     0.88
4256    0.88
2215    0.88
3640    0.88
4570    0.88
1226    0.88
1883    0.88
3380    0.89
4610    0.89
1999    0.89
4494    0.89
133     0.89
645     0.89
3542    0.89
452     0.89
837     0.89
2326    0.89
516     0.89
2750    0.89
160     0.89
4261    0.89
4751    0.89
1250    0.89
47      0.89
2934    0.89
4673    0.88
2020    0.88
4291    0.88
1311    0.88
438     0.88
3180    0.88
3172    0.88
367     0.88
1146    0.88
4822    0.88
2677    0.88
95      0.88
2380    0.88
1083    0.88
2452    0.88
2330    0.88
1038    0.88
313     0.88
2901    0.88
1194    0.88
1811    0.88
3730    0.89
4578    0.89
692     0.89
1913    0.89
4233    0.89
434     0.89
1367    0.89
3363    0.89
2925    0.89
1534    0.89
3385    0.89
4407    0.89
4682    0.89
3465    0.89
748     0.89
1241    0.89
209     0.89
4210    0.89
3994    0.89
353     0.89
253     0.89
1595    0.89
1716    0.89
2212    0.89
1597    0.89
1114    0.89
1897    0.89
62      0.89
418     0.89
183     0.89
4452    0.89
1777    0.89
3115    0.89
634     0.89
2521    0.89
1279    0.89
4092    0.89
864     0.89
1364    0.88
3355    0.88
1482    0.88
196     0.88
1034    0.88
3388    0.88
1531    0.88
2879    0.88
1436    0.88
4672    0.88
3821    0.88
3777    0.89
2205    0.89
490     0.89
681     0.89
1005    0.89
2312    0.89
1566    0.89
3915    0.89
4574    0.89
4109    0.89
380     0.89
1126    0.89
3289    0.89
2852    0.89
4518    0.89
3703    0.89
3151    0.89
4684    0.89
3391    0.89
803     0.89
902     0.89
2155    0.89
2169    0.89
2960    0.89
3536    0.89
533     0.89
81      0.89
942     0.89
336     0.89
1552    0.89
2526    0.89
4631    0.89
4782    0.89
1509    0.89
4513    0.89
1028    0.89
425     0.89
4783    0.89
4068    0.89
3372    0.89
3896    0.89
4595    0.88
1416    0.88
705     0.89
791     0.89
1738    0.88
4468    0.88
4181    0.88
3321    0.88
1401    0.88
711     0.88
1049    0.88
1956    0.88
3035    0.88
545     0.88
163     0.88
1178    0.88
836     0.88
1102    0.88
4633    0.88
2402    0.88
584     0.88
4359    0.88
3335    0.88
2399    0.88
1109    0.88
1574    0.88
3627    0.88
274     0.88
2469    0.88
3783    0.88
1244    0.88
4636    0.88
165     0.88
4131    0.88
3381    0.88
1681    0.88
318     0.88
1629    0.88
1495    0.88
729     0.88
700     0.88
3155    0.88
2640    0.88
79      0.88
335     0.88
3997    0.88
1670    0.88
4820    0.88
4148    0.88
4693    0.88
317     0.88
329     0.88
2181    0.88
1946    0.88
976     0.88
4572    0.88
125     0.88
1200    0.88
3415    0.88
982     0.88
920     0.88
1129    0.88
546     0.88
3672    0.89
4241    0.89
3387    0.89
3447    0.89
3338    0.89
586     0.89
3405    0.89
2869    0.89
394     0.89
4686    0.89
2825    0.89
3626    0.89
1922    0.89
1119    0.89
3384    0.91
1689    0.91
2853    0.91
4258    0.91
1423    0.91
3851    0.91
1835    0.90
3724    0.90
1990    0.90
2097    0.90
315     0.90
495     0.90
4582    0.90
3560    0.90
1064    0.90
4172    0.90
2842    0.90
4424    0.90
2751    0.90
96      0.90
3570    0.90
573     0.90
4524    0.90
4119    0.90
3961    0.90
2145    0.90
3565    0.90
782     0.90
1055    0.90
3021    0.90
457     0.90
171     0.90
4443    0.90
2304    0.90
1132    0.90
4429    0.90
3419    0.90
2667    0.90
1664    0.90
1843    0.90
2892    0.90
2979    0.90
1000    0.90
130     0.90
1161    0.90
4472    0.90
4465    0.90
102     0.90
3096    0.90
1668    0.90
3014    0.91
287     0.91
1988    0.91
1828    0.91
2746    0.91
4267    0.91
1696    0.91
2499    0.91
600     0.91
1449    0.92
3751    0.92
2563    0.92
1446    0.92
1669    0.92
324     0.92
4309    0.92
4529    0.92
3553    0.92
2336    0.92
4606    0.92
4168    0.92
1195    0.93
1633    0.93
2555    0.93
475     0.93
1562    0.93
4090    0.93
650     0.93
2668    0.93
3699    0.93
727     0.92
3082    0.92
3457    0.92
941     0.92
2255    0.92
624     0.92
640     0.92
2192    0.92
3652    0.92
3185    0.92
1382    0.92
4541    0.92
2489    0.93
2253    0.93
1087    0.93
1991    0.93
962     0.93
3930    0.93
2204    0.93
4745    0.93
494     0.93
1593    0.93
3024    0.93
871     0.93
1540    0.93
4176    0.93
1092    0.93
4590    0.93
3092    0.93
3484    0.93
4110    0.93
2777    0.93
709     0.93
2328    0.93
3917    0.93
86      0.93
1609    0.93
4019    0.93
4788    0.93
497     0.93
907     0.93
1950    0.93
4269    0.93
4340    0.93
886     0.93
305     0.93
955     0.93
2706    0.93
2685    0.93
1025    0.93
2592    0.93
4374    0.93
1481    0.93
1033    0.92
641     0.92
3260    0.92
1793    0.92
3735    0.92
132     0.91
1517    0.91
3346    0.91
1727    0.91
3513    0.91
1240    0.91
993     0.91
3996    0.91
4724    0.91
3960    0.91
1124    0.91
2426    0.91
4404    0.93
1349    0.94
1471    0.94
765     0.94
4363    0.94
109     0.94
4408    0.94
2863    0.94
1157    0.93
2938    0.93
1355    0.93
2450    0.93
4766    0.93
1605    0.93
1472    0.93
2246    0.93
4416    0.93
4179    0.93
36      0.93
2125    0.93
478     0.93
4447    0.93
662     0.93
4274    0.93
3168    0.94
3147    0.94
4803    0.94
1697    0.94
3145    0.94
4482    0.94
3487    0.94
4615    0.94
4371    0.94
2393    0.94
1190    0.94
655     0.94
3255    0.94
3495    0.94
1829    0.94
591     0.94
4327    0.94
3238    0.94
296     0.94
3957    0.94
191     0.94
1628    0.94
1528    0.94
2616    0.94
2498    0.93
4003    0.93
3728    0.93
2134    0.93
2824    0.93
753     0.93
3741    0.93
4749    0.93
922     0.93
3863    0.93
4112    0.93
3941    0.93
3659    0.93
3053    0.93
1789    0.93
1850    0.93
834     0.93
4480    0.93
3274    0.93
1553    0.94
2088    0.94
3008    0.94
Name: 484 or fewer, dtype: float64
forecast here
[[0.94004441 0.02392319]
 [0.93973901 0.01775695]
 [0.93956565 0.01746709]
 [0.93896929 0.0195587 ]
 [0.93854337 0.01973802]
 [0.93829254 0.02127397]
 [0.93784195 0.0265995 ]
 [0.93736583 0.02775264]
 [0.9371338  0.03693535]
 [0.93630252 0.02744473]
 [0.93622673 0.02966874]
 [0.93614133 0.03157146]
 [0.93604846 0.03271699]
 [0.93598191 0.03515481]
 [0.93587195 0.03586322]
 [0.93579889 0.03721077]
 [0.93571052 0.03833377]
 [0.93558376 0.03957623]
 [0.93547361 0.04072173]
 [0.93540443 0.04247025]
 [0.93525516 0.04319515]
 [0.9351693  0.04499649]
 [0.93501522 0.04608195]
 [0.93486448 0.04711675]
 [0.93472328 0.04828471]
 [0.93457492 0.04928277]
 [0.9344372  0.05038695]
 [0.93429666 0.05141435]
 [0.93415719 0.05242084]
 [0.93402301 0.05341981]
 [0.93389015 0.05444885]
 [0.93375258 0.05531824]
 [0.93362606 0.05631655]
 [0.93349405 0.05717793]
 [0.93336806 0.05808597]
 [0.93324227 0.05898847]
 [0.93311533 0.05984163]
 [0.93299003 0.06070105]
 [0.93286392 0.06152335]
 [0.93273835 0.06233491]
 [0.93261333 0.06313093]
 [0.9324884  0.063912  ]
 [0.93236352 0.06466808]
 [0.93223991 0.06542442]
 [0.93211556 0.06614859]
 [0.93199235 0.06686747]
 [0.93186924 0.06756742]
 [0.93174661 0.06825039]
 [0.93162473 0.06892331]
 [0.93150316 0.0695791 ]
 [0.93138221 0.07022292]
 [0.93126173 0.07085293]
 [0.93114169 0.07146967]
 [0.93102211 0.07207296]
 [0.93090305 0.07266507]
 [0.93078432 0.07324276]
 [0.93066614 0.0738101 ]
 [0.9305483  0.07436468]
 [0.93043091 0.07490773]
 [0.93031393 0.07543978]]
